2,4,8,10,12,16         ,2,4,8,10,12,16         ,2,4,8,10,12,16         ,2,4,8,10,12,16         ,2,4,8,10,12,16         ,2,4,8,10,12,16         ,2,4,8,10,12,16         ,2,4,8,10,12,16         ,2,4,8,10,12,16         ,2,4,8,10,12,16         ,2,4,8,10,12,16         ,2,4,8,10,12,16         ,2,4,8,10,12,16         ,2,4,8,10,12,16         ,2,4,8,10,12,16         ,2,4,8,10,12,16 
2,6,8,10,12,16         ,2,6,8,10,12,16         ,2,6,8,10,12,16         ,2,6,8,10,12,16         ,2,6,8,10,12,16         ,2,6,8,10,12,16         ,2,6,8,10,12,16         ,2,6,8,10,12,16         ,2,6,8,10,12,16         ,2,6,8,10,12,16         ,2,6,8,10,12,16         ,2,6,8,10,12,16         ,2,6,8,10,12,16         ,2,6,8,10,12,16         ,2,6,8,10,12,16         ,2,6,8,10,12,16
6,8,14,16              ,6,8,14,16              ,6,8,14,16              ,6,8,14,16              ,6,8,14,16              ,6,8,14,16              ,6,8,14,16              ,6,8,14,16              ,6,8,14,16              ,6,8,14,16              ,6,8,14,16              ,6,8,14,16              ,6,8,14,16              ,6,8,14,16              ,6,8,14,16              ,6,8,14,16
2,4,8,10,12,18         ,2,4,8,10,12,18         ,2,4,8,10,12,18         ,2,4,8,10,12,18         ,2,4,8,10,12,18         ,2,4,8,10,12,18         ,2,4,8,10,12,18         ,2,4,8,10,12,18         ,2,4,8,10,12,18         ,2,4,8,10,12,18         ,2,4,8,10,12,18         ,2,4,8,10,12,18         ,2,4,8,10,12,18         ,2,4,8,10,12,18         ,2,4,8,10,12,18         ,2,4,8,10,12,18
6,8,14,14,14,14,12,18  ,6,8,14,14,14,14,12,18  ,6,8,14,14,14,14,12,18  ,6,8,14,14,14,14,12,18  ,6,8,14,14,14,14,12,18  ,6,8,14,14,14,14,12,18  ,6,8,14,14,14,14,12,18  ,6,8,14,14,14,14,12,18  ,6,8,14,14,14,14,12,18  ,6,8,14,14,14,14,12,18  ,6,8,14,14,14,14,12,18  ,6,8,14,14,14,14,12,18  ,6,8,14,14,14,14,12,18  ,6,8,14,14,14,14,12,18  ,6,8,14,14,14,14,12,18  ,6,8,14,14,14,14,12,18
2,4,4,8,10,14,18       ,2,4,4,8,10,14,18       ,2,4,4,8,10,14,18       ,2,4,4,8,10,14,18       ,2,4,4,8,10,14,18       ,2,4,4,8,10,14,18       ,2,4,4,8,10,14,18       ,2,4,4,8,10,14,18       ,2,4,4,8,10,14,18       ,2,4,4,8,10,14,18       ,2,4,4,8,10,14,18       ,2,4,4,8,10,14,18       ,2,4,4,8,10,14,18       ,2,4,4,8,10,14,18       ,2,4,4,8,10,14,18       ,2,4,4,8,10,14,18
2,6,8,14,18            ,2,6,8,14,18            ,2,6,8,14,18            ,2,6,8,14,18            ,2,6,8,14,18            ,2,6,8,14,18            ,2,6,8,14,18            ,2,6,8,14,18            ,2,6,8,14,18            ,2,6,8,14,18            ,2,6,8,14,18            ,2,6,8,14,18            ,2,6,8,14,18            ,2,6,8,14,18            ,2,6,8,14,18            ,2,6,8,14,18
6,8,14,14,14,14,18     ,6,8,14,14,14,14,18     ,6,8,14,14,14,14,18     ,6,8,14,14,14,14,18     ,6,8,14,14,14,14,18     ,6,8,14,14,14,14,18     ,6,8,14,14,14,14,18     ,6,8,14,14,14,14,18     ,6,8,14,14,14,14,18     ,6,8,14,14,14,14,18     ,6,8,14,14,14,14,18     ,6,8,14,14,14,14,18     ,6,8,14,14,14,14,18     ,6,8,14,14,14,14,18     ,6,8,14,14,14,14,18     ,6,8,14,14,14,14,18
2,4,8,10,12,16         ,2,4,8,10,12,16         ,2,4,8,10,12,16         ,2,4,8,10,12,16         ,2,4,8,10,12,16         ,2,4,8,10,12,16         ,2,4,8,10,12,16         ,2,4,8,10,12,16         ,2,4,8,10,12,16         ,2,4,8,10,12,16         ,2,4,8,10,12,16         ,2,4,8,10,12,16         ,2,4,8,10,12,16         ,2,4,8,10,12,16         ,2,4,8,10,12,16         ,2,4,8,10,12,16
6,8,14,14,14,18        ,6,8,14,14,14,18        ,6,8,14,14,14,18        ,6,8,14,14,14,18        ,6,8,14,14,14,18        ,6,8,14,14,14,18        ,6,8,14,14,14,18        ,6,8,14,14,14,18        ,6,8,14,14,14,18        ,6,8,14,14,14,18        ,6,8,14,14,14,18        ,6,8,14,14,14,18        ,6,8,14,14,14,18        ,6,8,14,14,14,18        ,6,8,14,14,14,18        ,6,8,14,14,14,18       
